001
002
004
006
008
011
012
013
014
015
016
017
018
020
023
025
026
027
028
029
030
033
034
035
036
037
040
041
042
043
044
046
048
049
050
051
052
053
057
058
059
061
062
065
067
070
071
072
073
074
075
077
078
080
081
082
083
084
085
086
087
090
091
092
094
096
097
099
100
101
102
104
106
107
108
110
111
112
113
114
116
117
119
121
123
124
125
127
128
129
130
131
133
135
136
137
139
140
141
142
143
144
146
147
148
149
152
153
154
155
156
157
158
159
161
162
163
164
165
166
168
169
170
172
173
175
176
177
178
182
183
185
186
190
192
193
195
196
199
200
202
203
205
206
207
209
210
212
213
214
215
217
218
219
220
223
225
226
227
228
229
230
231
232
233
234
236
237
238
239
242
243
244
245
247
248
249
252
254
256
257
259
260
261
263
265
266
267
271
272
274
275
276
277
278
280
281
283
284
286
288
289
290
291
292
295
296
297
298
299
303
306
307
308
309
310
311
312
314
317
318
319
321
322
323
325
326
327
330
331
332
333
335
336
337
339
340
341
342
344
347
348
351
352
353
356
357
358
361
362
363
364
365
366
367
368
369
370
371
375
376
377
378
379
381
383
384
385
386
387
388
389
392
393
394
397
398
399
400
401
402
403
404
405
406
408
410
414
417
419
420
422
424
425
426
427
428
429
430
431
432
434
436
438
439
442
443
444
445
446
447
450
451
453
454
455
456
457
459
462
463
465
466
467
469
470
471
472
474
477
479
480
482
483
484
485
488
490
493
494
496
497
498
500
501
503
504
505
506
507
509
510
512
513
515
518
519
520
